Webots Project File version R2021a
perspectives: 000000ff00000000fd0000000300000000000001300000039dfc0100000002fb0000001e00480074006d006c0052006f0062006f007400570069006e0064006f00770100000000000001300000005400fffffffb0000001a0044006f00630075006d0065006e0074006100740069006f006e0000000000ffffffff0000005400ffffff000000010000011c00000214fc0200000001fb0000001400540065007800740045006400690074006f00720000000015000002140000003f00ffffff000000030000064a00000082fc0100000002fb0000000e0043006f006e0073006f006c00650100000132000004240000000000000000fb0000001a0043006f006e0073006f006c00650041006c006c0041006c006c01000001360000064a00000000000000000000064a0000039d00000001000000020000000100000008fc00000000
simulationViewPerspectives: 000000ff000000010000000200000000000006440100000006010000000100
sceneTreePerspectives: 000000ff0000000100000002000000c0000000fc0100000006010000000200
minimizedPerspectives: 000000ff00000000fd0000000300000000000001300000039dfc0100000002fb0000001e00480074006d006c0052006f0062006f007400570069006e0064006f00770100000000000001300000005400fffffffb0000001a0044006f00630075006d0065006e0074006100740069006f006e0000000000ffffffff0000005400ffffff000000010000011c00000214fc0200000001fb0000001400540065007800740045006400690074006f00720000000015000002140000003f00ffffff000000030000064a00000082fc0100000002fb0000000e0043006f006e0073006f006c00650100000132000004240000000000000000fb0000001a0043006f006e0073006f006c00650041006c006c0041006c006c01000001360000064a0000006200ffffff0000064a0000031500000001000000020000000100000008fc00000000
maximizedDockId: -1
centralWidgetVisible: 1
orthographicViewHeight: 1
textFiles: -1
robotWindow: robot
renderingDevicePerspectives: Rojo:colorPiso;0;167;0.0361596;0.00958904
renderingDevicePerspectives: Verde:colorPiso;0;32;0.00623441;0.0657534
